{
 "cells": [
  {
   "cell_type": "code",
   "execution_count": null,
   "id": "1e2fe5e7",
   "metadata": {},
   "outputs": [],
   "source": [
    "import pandas as pd\n",
    "import numpy as np"
   ]
  },
  {
   "cell_type": "code",
   "execution_count": 3,
   "id": "752c5675",
   "metadata": {},
   "outputs": [],
   "source": [
    "import os\n",
    "for dirname, _, filenames in os.walk('/kaggle/input'):\n",
    "    for filename in filenames:\n",
    "        print(os.path.join(dirname, filename))"
   ]
  },
  {
   "cell_type": "code",
   "execution_count": 8,
   "id": "fa3f8bf1",
   "metadata": {},
   "outputs": [],
   "source": [
    "import numpy as np\n",
    "import pandas as pd\n",
    "from matplotlib import pyplot as plt\n",
    "import seaborn as sns\n",
    "\n",
    "# データ分割\n",
    "from sklearn.model_selection import train_test_split\n",
    "\n",
    "# 線形モデル\n",
    "from sklearn.ensemble import RandomForestClassifier\n",
    "\n",
    "# グラフをアウトプット行に出力するためのマジックコマンド\n",
    "%matplotlib inline\n",
    "\n",
    "# 精度評価\n",
    "from sklearn.metrics import confusion_matrix\n",
    "from sklearn.metrics import ConfusionMatrixDisplay\n"
   ]
  },
  {
   "cell_type": "code",
   "execution_count": 20,
   "id": "6e55ad8a",
   "metadata": {},
   "outputs": [],
   "source": [
    "\n",
    "plt.rcParams['font.family'] = 'MS Gothic' # Windows用 (Macの場合は 'AppleGothic')"
   ]
  },
  {
   "cell_type": "code",
   "execution_count": 9,
   "id": "288a1a87",
   "metadata": {},
   "outputs": [],
   "source": [
    "train = pd.read_csv(\"C:\\\\Users\\\\ko.ameku.up\\\\Desktop\\\\kaggle_tutorial_zone\\\\data\\\\raw\\\\train.csv\")\n",
    "test = pd.read_csv(\"C:\\\\Users\\\\ko.ameku.up\\\\Desktop\\\\kaggle_tutorial_zone\\\\data\\\\raw\\\\test.csv\")"
   ]
  },
  {
   "cell_type": "code",
   "execution_count": 10,
   "id": "416999e8",
   "metadata": {},
   "outputs": [
    {
     "data": {
      "text/html": [
       "<div>\n",
       "<style scoped>\n",
       "    .dataframe tbody tr th:only-of-type {\n",
       "        vertical-align: middle;\n",
       "    }\n",
       "\n",
       "    .dataframe tbody tr th {\n",
       "        vertical-align: top;\n",
       "    }\n",
       "\n",
       "    .dataframe thead th {\n",
       "        text-align: right;\n",
       "    }\n",
       "</style>\n",
       "<table border=\"1\" class=\"dataframe\">\n",
       "  <thead>\n",
       "    <tr style=\"text-align: right;\">\n",
       "      <th></th>\n",
       "      <th>id</th>\n",
       "      <th>CustomerId</th>\n",
       "      <th>CreditScore</th>\n",
       "      <th>Age</th>\n",
       "      <th>Tenure</th>\n",
       "      <th>Balance</th>\n",
       "      <th>NumOfProducts</th>\n",
       "      <th>HasCrCard</th>\n",
       "      <th>IsActiveMember</th>\n",
       "      <th>EstimatedSalary</th>\n",
       "      <th>Exited</th>\n",
       "    </tr>\n",
       "  </thead>\n",
       "  <tbody>\n",
       "    <tr>\n",
       "      <th>count</th>\n",
       "      <td>15000.000000</td>\n",
       "      <td>1.500000e+04</td>\n",
       "      <td>15000.000000</td>\n",
       "      <td>15000.000000</td>\n",
       "      <td>15000.000000</td>\n",
       "      <td>15000.000000</td>\n",
       "      <td>15000.000000</td>\n",
       "      <td>15000.000000</td>\n",
       "      <td>15000.000000</td>\n",
       "      <td>15000.000000</td>\n",
       "      <td>15000.000000</td>\n",
       "    </tr>\n",
       "    <tr>\n",
       "      <th>mean</th>\n",
       "      <td>7499.500000</td>\n",
       "      <td>1.580499e+07</td>\n",
       "      <td>659.327400</td>\n",
       "      <td>37.840667</td>\n",
       "      <td>5.063600</td>\n",
       "      <td>42015.204376</td>\n",
       "      <td>1.589133</td>\n",
       "      <td>0.777467</td>\n",
       "      <td>0.490000</td>\n",
       "      <td>117746.962851</td>\n",
       "      <td>0.204000</td>\n",
       "    </tr>\n",
       "    <tr>\n",
       "      <th>std</th>\n",
       "      <td>4330.271354</td>\n",
       "      <td>1.278709e+07</td>\n",
       "      <td>72.475117</td>\n",
       "      <td>8.283259</td>\n",
       "      <td>2.781955</td>\n",
       "      <td>59280.633047</td>\n",
       "      <td>0.529850</td>\n",
       "      <td>0.415961</td>\n",
       "      <td>0.499917</td>\n",
       "      <td>45416.988057</td>\n",
       "      <td>0.402982</td>\n",
       "    </tr>\n",
       "    <tr>\n",
       "      <th>min</th>\n",
       "      <td>0.000000</td>\n",
       "      <td>1.578130e+05</td>\n",
       "      <td>431.000000</td>\n",
       "      <td>18.000000</td>\n",
       "      <td>0.000000</td>\n",
       "      <td>0.000000</td>\n",
       "      <td>1.000000</td>\n",
       "      <td>0.000000</td>\n",
       "      <td>0.000000</td>\n",
       "      <td>479.540000</td>\n",
       "      <td>0.000000</td>\n",
       "    </tr>\n",
       "    <tr>\n",
       "      <th>25%</th>\n",
       "      <td>3749.750000</td>\n",
       "      <td>1.563523e+07</td>\n",
       "      <td>603.000000</td>\n",
       "      <td>32.000000</td>\n",
       "      <td>3.000000</td>\n",
       "      <td>0.000000</td>\n",
       "      <td>1.000000</td>\n",
       "      <td>1.000000</td>\n",
       "      <td>0.000000</td>\n",
       "      <td>83056.220000</td>\n",
       "      <td>0.000000</td>\n",
       "    </tr>\n",
       "    <tr>\n",
       "      <th>50%</th>\n",
       "      <td>7499.500000</td>\n",
       "      <td>1.569017e+07</td>\n",
       "      <td>662.000000</td>\n",
       "      <td>37.000000</td>\n",
       "      <td>5.000000</td>\n",
       "      <td>0.000000</td>\n",
       "      <td>2.000000</td>\n",
       "      <td>1.000000</td>\n",
       "      <td>0.000000</td>\n",
       "      <td>122503.545000</td>\n",
       "      <td>0.000000</td>\n",
       "    </tr>\n",
       "    <tr>\n",
       "      <th>75%</th>\n",
       "      <td>11249.250000</td>\n",
       "      <td>1.575784e+07</td>\n",
       "      <td>709.000000</td>\n",
       "      <td>42.000000</td>\n",
       "      <td>7.000000</td>\n",
       "      <td>108465.955000</td>\n",
       "      <td>2.000000</td>\n",
       "      <td>1.000000</td>\n",
       "      <td>1.000000</td>\n",
       "      <td>156687.270000</td>\n",
       "      <td>0.000000</td>\n",
       "    </tr>\n",
       "    <tr>\n",
       "      <th>max</th>\n",
       "      <td>14999.000000</td>\n",
       "      <td>1.575404e+09</td>\n",
       "      <td>850.000000</td>\n",
       "      <td>72.000000</td>\n",
       "      <td>10.000000</td>\n",
       "      <td>187534.790000</td>\n",
       "      <td>4.000000</td>\n",
       "      <td>1.000000</td>\n",
       "      <td>1.000000</td>\n",
       "      <td>199992.480000</td>\n",
       "      <td>1.000000</td>\n",
       "    </tr>\n",
       "  </tbody>\n",
       "</table>\n",
       "</div>"
      ],
      "text/plain": [
       "                 id    CustomerId   CreditScore           Age        Tenure  \\\n",
       "count  15000.000000  1.500000e+04  15000.000000  15000.000000  15000.000000   \n",
       "mean    7499.500000  1.580499e+07    659.327400     37.840667      5.063600   \n",
       "std     4330.271354  1.278709e+07     72.475117      8.283259      2.781955   \n",
       "min        0.000000  1.578130e+05    431.000000     18.000000      0.000000   \n",
       "25%     3749.750000  1.563523e+07    603.000000     32.000000      3.000000   \n",
       "50%     7499.500000  1.569017e+07    662.000000     37.000000      5.000000   \n",
       "75%    11249.250000  1.575784e+07    709.000000     42.000000      7.000000   \n",
       "max    14999.000000  1.575404e+09    850.000000     72.000000     10.000000   \n",
       "\n",
       "             Balance  NumOfProducts     HasCrCard  IsActiveMember  \\\n",
       "count   15000.000000   15000.000000  15000.000000    15000.000000   \n",
       "mean    42015.204376       1.589133      0.777467        0.490000   \n",
       "std     59280.633047       0.529850      0.415961        0.499917   \n",
       "min         0.000000       1.000000      0.000000        0.000000   \n",
       "25%         0.000000       1.000000      1.000000        0.000000   \n",
       "50%         0.000000       2.000000      1.000000        0.000000   \n",
       "75%    108465.955000       2.000000      1.000000        1.000000   \n",
       "max    187534.790000       4.000000      1.000000        1.000000   \n",
       "\n",
       "       EstimatedSalary        Exited  \n",
       "count     15000.000000  15000.000000  \n",
       "mean     117746.962851      0.204000  \n",
       "std       45416.988057      0.402982  \n",
       "min         479.540000      0.000000  \n",
       "25%       83056.220000      0.000000  \n",
       "50%      122503.545000      0.000000  \n",
       "75%      156687.270000      0.000000  \n",
       "max      199992.480000      1.000000  "
      ]
     },
     "execution_count": 10,
     "metadata": {},
     "output_type": "execute_result"
    }
   ],
   "source": [
    "train.describe()"
   ]
  },
  {
   "cell_type": "code",
   "execution_count": 12,
   "id": "0f3edd0e",
   "metadata": {},
   "outputs": [
    {
     "data": {
      "text/html": [
       "<div>\n",
       "<style scoped>\n",
       "    .dataframe tbody tr th:only-of-type {\n",
       "        vertical-align: middle;\n",
       "    }\n",
       "\n",
       "    .dataframe tbody tr th {\n",
       "        vertical-align: top;\n",
       "    }\n",
       "\n",
       "    .dataframe thead th {\n",
       "        text-align: right;\n",
       "    }\n",
       "</style>\n",
       "<table border=\"1\" class=\"dataframe\">\n",
       "  <thead>\n",
       "    <tr style=\"text-align: right;\">\n",
       "      <th></th>\n",
       "      <th>id</th>\n",
       "      <th>CustomerId</th>\n",
       "      <th>CreditScore</th>\n",
       "      <th>Age</th>\n",
       "      <th>Tenure</th>\n",
       "      <th>Balance</th>\n",
       "      <th>NumOfProducts</th>\n",
       "      <th>HasCrCard</th>\n",
       "      <th>IsActiveMember</th>\n",
       "      <th>EstimatedSalary</th>\n",
       "    </tr>\n",
       "  </thead>\n",
       "  <tbody>\n",
       "    <tr>\n",
       "      <th>count</th>\n",
       "      <td>10000.00000</td>\n",
       "      <td>1.000000e+04</td>\n",
       "      <td>10000.000000</td>\n",
       "      <td>10000.000000</td>\n",
       "      <td>10000.000000</td>\n",
       "      <td>10000.000000</td>\n",
       "      <td>10000.000000</td>\n",
       "      <td>10000.000000</td>\n",
       "      <td>10000.000000</td>\n",
       "      <td>10000.000000</td>\n",
       "    </tr>\n",
       "    <tr>\n",
       "      <th>mean</th>\n",
       "      <td>19999.50000</td>\n",
       "      <td>1.568976e+07</td>\n",
       "      <td>657.517400</td>\n",
       "      <td>37.801800</td>\n",
       "      <td>4.992000</td>\n",
       "      <td>43139.310800</td>\n",
       "      <td>1.587200</td>\n",
       "      <td>0.777600</td>\n",
       "      <td>0.498700</td>\n",
       "      <td>117099.339826</td>\n",
       "    </tr>\n",
       "    <tr>\n",
       "      <th>std</th>\n",
       "      <td>2886.89568</td>\n",
       "      <td>1.583061e+05</td>\n",
       "      <td>71.954009</td>\n",
       "      <td>8.259209</td>\n",
       "      <td>2.805588</td>\n",
       "      <td>60130.981846</td>\n",
       "      <td>0.532752</td>\n",
       "      <td>0.415879</td>\n",
       "      <td>0.500023</td>\n",
       "      <td>45732.020378</td>\n",
       "    </tr>\n",
       "    <tr>\n",
       "      <th>min</th>\n",
       "      <td>15000.00000</td>\n",
       "      <td>1.574712e+06</td>\n",
       "      <td>431.000000</td>\n",
       "      <td>18.000000</td>\n",
       "      <td>0.000000</td>\n",
       "      <td>0.000000</td>\n",
       "      <td>1.000000</td>\n",
       "      <td>0.000000</td>\n",
       "      <td>0.000000</td>\n",
       "      <td>479.540000</td>\n",
       "    </tr>\n",
       "    <tr>\n",
       "      <th>25%</th>\n",
       "      <td>17499.75000</td>\n",
       "      <td>1.563187e+07</td>\n",
       "      <td>603.000000</td>\n",
       "      <td>32.000000</td>\n",
       "      <td>3.000000</td>\n",
       "      <td>0.000000</td>\n",
       "      <td>1.000000</td>\n",
       "      <td>1.000000</td>\n",
       "      <td>0.000000</td>\n",
       "      <td>82647.650000</td>\n",
       "    </tr>\n",
       "    <tr>\n",
       "      <th>50%</th>\n",
       "      <td>19999.50000</td>\n",
       "      <td>1.568887e+07</td>\n",
       "      <td>659.000000</td>\n",
       "      <td>37.000000</td>\n",
       "      <td>5.000000</td>\n",
       "      <td>0.000000</td>\n",
       "      <td>2.000000</td>\n",
       "      <td>1.000000</td>\n",
       "      <td>0.000000</td>\n",
       "      <td>122925.400000</td>\n",
       "    </tr>\n",
       "    <tr>\n",
       "      <th>75%</th>\n",
       "      <td>22499.25000</td>\n",
       "      <td>1.575745e+07</td>\n",
       "      <td>707.000000</td>\n",
       "      <td>42.000000</td>\n",
       "      <td>7.000000</td>\n",
       "      <td>110939.957500</td>\n",
       "      <td>2.000000</td>\n",
       "      <td>1.000000</td>\n",
       "      <td>1.000000</td>\n",
       "      <td>155740.540000</td>\n",
       "    </tr>\n",
       "    <tr>\n",
       "      <th>max</th>\n",
       "      <td>24999.00000</td>\n",
       "      <td>1.581566e+07</td>\n",
       "      <td>850.000000</td>\n",
       "      <td>74.000000</td>\n",
       "      <td>10.000000</td>\n",
       "      <td>186796.370000</td>\n",
       "      <td>6.000000</td>\n",
       "      <td>1.000000</td>\n",
       "      <td>1.000000</td>\n",
       "      <td>199808.100000</td>\n",
       "    </tr>\n",
       "  </tbody>\n",
       "</table>\n",
       "</div>"
      ],
      "text/plain": [
       "                id    CustomerId   CreditScore           Age        Tenure  \\\n",
       "count  10000.00000  1.000000e+04  10000.000000  10000.000000  10000.000000   \n",
       "mean   19999.50000  1.568976e+07    657.517400     37.801800      4.992000   \n",
       "std     2886.89568  1.583061e+05     71.954009      8.259209      2.805588   \n",
       "min    15000.00000  1.574712e+06    431.000000     18.000000      0.000000   \n",
       "25%    17499.75000  1.563187e+07    603.000000     32.000000      3.000000   \n",
       "50%    19999.50000  1.568887e+07    659.000000     37.000000      5.000000   \n",
       "75%    22499.25000  1.575745e+07    707.000000     42.000000      7.000000   \n",
       "max    24999.00000  1.581566e+07    850.000000     74.000000     10.000000   \n",
       "\n",
       "             Balance  NumOfProducts     HasCrCard  IsActiveMember  \\\n",
       "count   10000.000000   10000.000000  10000.000000    10000.000000   \n",
       "mean    43139.310800       1.587200      0.777600        0.498700   \n",
       "std     60130.981846       0.532752      0.415879        0.500023   \n",
       "min         0.000000       1.000000      0.000000        0.000000   \n",
       "25%         0.000000       1.000000      1.000000        0.000000   \n",
       "50%         0.000000       2.000000      1.000000        0.000000   \n",
       "75%    110939.957500       2.000000      1.000000        1.000000   \n",
       "max    186796.370000       6.000000      1.000000        1.000000   \n",
       "\n",
       "       EstimatedSalary  \n",
       "count     10000.000000  \n",
       "mean     117099.339826  \n",
       "std       45732.020378  \n",
       "min         479.540000  \n",
       "25%       82647.650000  \n",
       "50%      122925.400000  \n",
       "75%      155740.540000  \n",
       "max      199808.100000  "
      ]
     },
     "execution_count": 12,
     "metadata": {},
     "output_type": "execute_result"
    }
   ],
   "source": [
    "test.describe()"
   ]
  },
  {
   "cell_type": "code",
   "execution_count": 11,
   "id": "2695860f",
   "metadata": {},
   "outputs": [
    {
     "data": {
      "text/html": [
       "<div>\n",
       "<style scoped>\n",
       "    .dataframe tbody tr th:only-of-type {\n",
       "        vertical-align: middle;\n",
       "    }\n",
       "\n",
       "    .dataframe tbody tr th {\n",
       "        vertical-align: top;\n",
       "    }\n",
       "\n",
       "    .dataframe thead th {\n",
       "        text-align: right;\n",
       "    }\n",
       "</style>\n",
       "<table border=\"1\" class=\"dataframe\">\n",
       "  <thead>\n",
       "    <tr style=\"text-align: right;\">\n",
       "      <th></th>\n",
       "      <th>id</th>\n",
       "      <th>CustomerId</th>\n",
       "      <th>CreditScore</th>\n",
       "      <th>Age</th>\n",
       "      <th>Tenure</th>\n",
       "      <th>Balance</th>\n",
       "      <th>NumOfProducts</th>\n",
       "      <th>HasCrCard</th>\n",
       "      <th>IsActiveMember</th>\n",
       "      <th>EstimatedSalary</th>\n",
       "      <th>Exited</th>\n",
       "    </tr>\n",
       "  </thead>\n",
       "  <tbody>\n",
       "    <tr>\n",
       "      <th>id</th>\n",
       "      <td>1.000000</td>\n",
       "      <td>-0.006421</td>\n",
       "      <td>-0.003445</td>\n",
       "      <td>-0.009531</td>\n",
       "      <td>-0.001737</td>\n",
       "      <td>-0.011291</td>\n",
       "      <td>0.001589</td>\n",
       "      <td>0.007743</td>\n",
       "      <td>-0.005379</td>\n",
       "      <td>-0.008949</td>\n",
       "      <td>-0.010120</td>\n",
       "    </tr>\n",
       "    <tr>\n",
       "      <th>CustomerId</th>\n",
       "      <td>-0.006421</td>\n",
       "      <td>1.000000</td>\n",
       "      <td>0.011982</td>\n",
       "      <td>-0.001798</td>\n",
       "      <td>0.004971</td>\n",
       "      <td>-0.005186</td>\n",
       "      <td>0.005585</td>\n",
       "      <td>0.004660</td>\n",
       "      <td>0.007504</td>\n",
       "      <td>0.005207</td>\n",
       "      <td>-0.002592</td>\n",
       "    </tr>\n",
       "    <tr>\n",
       "      <th>CreditScore</th>\n",
       "      <td>-0.003445</td>\n",
       "      <td>0.011982</td>\n",
       "      <td>1.000000</td>\n",
       "      <td>-0.025145</td>\n",
       "      <td>0.001854</td>\n",
       "      <td>0.013362</td>\n",
       "      <td>0.013108</td>\n",
       "      <td>0.007519</td>\n",
       "      <td>0.008626</td>\n",
       "      <td>-0.005544</td>\n",
       "      <td>-0.049330</td>\n",
       "    </tr>\n",
       "    <tr>\n",
       "      <th>Age</th>\n",
       "      <td>-0.009531</td>\n",
       "      <td>-0.001798</td>\n",
       "      <td>-0.025145</td>\n",
       "      <td>1.000000</td>\n",
       "      <td>-0.022683</td>\n",
       "      <td>0.078080</td>\n",
       "      <td>-0.166811</td>\n",
       "      <td>-0.002493</td>\n",
       "      <td>-0.039911</td>\n",
       "      <td>0.019568</td>\n",
       "      <td>0.460476</td>\n",
       "    </tr>\n",
       "    <tr>\n",
       "      <th>Tenure</th>\n",
       "      <td>-0.001737</td>\n",
       "      <td>0.004971</td>\n",
       "      <td>0.001854</td>\n",
       "      <td>-0.022683</td>\n",
       "      <td>1.000000</td>\n",
       "      <td>-0.017428</td>\n",
       "      <td>0.008095</td>\n",
       "      <td>-0.000501</td>\n",
       "      <td>-0.012678</td>\n",
       "      <td>0.011397</td>\n",
       "      <td>-0.028523</td>\n",
       "    </tr>\n",
       "    <tr>\n",
       "      <th>Balance</th>\n",
       "      <td>-0.011291</td>\n",
       "      <td>-0.005186</td>\n",
       "      <td>0.013362</td>\n",
       "      <td>0.078080</td>\n",
       "      <td>-0.017428</td>\n",
       "      <td>1.000000</td>\n",
       "      <td>-0.414656</td>\n",
       "      <td>-0.013819</td>\n",
       "      <td>-0.022482</td>\n",
       "      <td>0.015372</td>\n",
       "      <td>0.154272</td>\n",
       "    </tr>\n",
       "    <tr>\n",
       "      <th>NumOfProducts</th>\n",
       "      <td>0.001589</td>\n",
       "      <td>0.005585</td>\n",
       "      <td>0.013108</td>\n",
       "      <td>-0.166811</td>\n",
       "      <td>0.008095</td>\n",
       "      <td>-0.414656</td>\n",
       "      <td>1.000000</td>\n",
       "      <td>0.019217</td>\n",
       "      <td>0.059117</td>\n",
       "      <td>-0.011032</td>\n",
       "      <td>-0.311544</td>\n",
       "    </tr>\n",
       "    <tr>\n",
       "      <th>HasCrCard</th>\n",
       "      <td>0.007743</td>\n",
       "      <td>0.004660</td>\n",
       "      <td>0.007519</td>\n",
       "      <td>-0.002493</td>\n",
       "      <td>-0.000501</td>\n",
       "      <td>-0.013819</td>\n",
       "      <td>0.019217</td>\n",
       "      <td>1.000000</td>\n",
       "      <td>-0.019359</td>\n",
       "      <td>-0.012356</td>\n",
       "      <td>-0.005190</td>\n",
       "    </tr>\n",
       "    <tr>\n",
       "      <th>IsActiveMember</th>\n",
       "      <td>-0.005379</td>\n",
       "      <td>0.007504</td>\n",
       "      <td>0.008626</td>\n",
       "      <td>-0.039911</td>\n",
       "      <td>-0.012678</td>\n",
       "      <td>-0.022482</td>\n",
       "      <td>0.059117</td>\n",
       "      <td>-0.019359</td>\n",
       "      <td>1.000000</td>\n",
       "      <td>-0.023670</td>\n",
       "      <td>-0.206972</td>\n",
       "    </tr>\n",
       "    <tr>\n",
       "      <th>EstimatedSalary</th>\n",
       "      <td>-0.008949</td>\n",
       "      <td>0.005207</td>\n",
       "      <td>-0.005544</td>\n",
       "      <td>0.019568</td>\n",
       "      <td>0.011397</td>\n",
       "      <td>0.015372</td>\n",
       "      <td>-0.011032</td>\n",
       "      <td>-0.012356</td>\n",
       "      <td>-0.023670</td>\n",
       "      <td>1.000000</td>\n",
       "      <td>0.031559</td>\n",
       "    </tr>\n",
       "    <tr>\n",
       "      <th>Exited</th>\n",
       "      <td>-0.010120</td>\n",
       "      <td>-0.002592</td>\n",
       "      <td>-0.049330</td>\n",
       "      <td>0.460476</td>\n",
       "      <td>-0.028523</td>\n",
       "      <td>0.154272</td>\n",
       "      <td>-0.311544</td>\n",
       "      <td>-0.005190</td>\n",
       "      <td>-0.206972</td>\n",
       "      <td>0.031559</td>\n",
       "      <td>1.000000</td>\n",
       "    </tr>\n",
       "  </tbody>\n",
       "</table>\n",
       "</div>"
      ],
      "text/plain": [
       "                       id  CustomerId  CreditScore       Age    Tenure  \\\n",
       "id               1.000000   -0.006421    -0.003445 -0.009531 -0.001737   \n",
       "CustomerId      -0.006421    1.000000     0.011982 -0.001798  0.004971   \n",
       "CreditScore     -0.003445    0.011982     1.000000 -0.025145  0.001854   \n",
       "Age             -0.009531   -0.001798    -0.025145  1.000000 -0.022683   \n",
       "Tenure          -0.001737    0.004971     0.001854 -0.022683  1.000000   \n",
       "Balance         -0.011291   -0.005186     0.013362  0.078080 -0.017428   \n",
       "NumOfProducts    0.001589    0.005585     0.013108 -0.166811  0.008095   \n",
       "HasCrCard        0.007743    0.004660     0.007519 -0.002493 -0.000501   \n",
       "IsActiveMember  -0.005379    0.007504     0.008626 -0.039911 -0.012678   \n",
       "EstimatedSalary -0.008949    0.005207    -0.005544  0.019568  0.011397   \n",
       "Exited          -0.010120   -0.002592    -0.049330  0.460476 -0.028523   \n",
       "\n",
       "                  Balance  NumOfProducts  HasCrCard  IsActiveMember  \\\n",
       "id              -0.011291       0.001589   0.007743       -0.005379   \n",
       "CustomerId      -0.005186       0.005585   0.004660        0.007504   \n",
       "CreditScore      0.013362       0.013108   0.007519        0.008626   \n",
       "Age              0.078080      -0.166811  -0.002493       -0.039911   \n",
       "Tenure          -0.017428       0.008095  -0.000501       -0.012678   \n",
       "Balance          1.000000      -0.414656  -0.013819       -0.022482   \n",
       "NumOfProducts   -0.414656       1.000000   0.019217        0.059117   \n",
       "HasCrCard       -0.013819       0.019217   1.000000       -0.019359   \n",
       "IsActiveMember  -0.022482       0.059117  -0.019359        1.000000   \n",
       "EstimatedSalary  0.015372      -0.011032  -0.012356       -0.023670   \n",
       "Exited           0.154272      -0.311544  -0.005190       -0.206972   \n",
       "\n",
       "                 EstimatedSalary    Exited  \n",
       "id                     -0.008949 -0.010120  \n",
       "CustomerId              0.005207 -0.002592  \n",
       "CreditScore            -0.005544 -0.049330  \n",
       "Age                     0.019568  0.460476  \n",
       "Tenure                  0.011397 -0.028523  \n",
       "Balance                 0.015372  0.154272  \n",
       "NumOfProducts          -0.011032 -0.311544  \n",
       "HasCrCard              -0.012356 -0.005190  \n",
       "IsActiveMember         -0.023670 -0.206972  \n",
       "EstimatedSalary         1.000000  0.031559  \n",
       "Exited                  0.031559  1.000000  "
      ]
     },
     "execution_count": 11,
     "metadata": {},
     "output_type": "execute_result"
    }
   ],
   "source": [
    "corr_train = train.select_dtypes(exclude=object).corr()\n",
    "corr_train"
   ]
  },
  {
   "cell_type": "code",
   "execution_count": 13,
   "id": "aa4bb1b8",
   "metadata": {},
   "outputs": [
    {
     "data": {
      "text/html": [
       "<div>\n",
       "<style scoped>\n",
       "    .dataframe tbody tr th:only-of-type {\n",
       "        vertical-align: middle;\n",
       "    }\n",
       "\n",
       "    .dataframe tbody tr th {\n",
       "        vertical-align: top;\n",
       "    }\n",
       "\n",
       "    .dataframe thead th {\n",
       "        text-align: right;\n",
       "    }\n",
       "</style>\n",
       "<table border=\"1\" class=\"dataframe\">\n",
       "  <thead>\n",
       "    <tr style=\"text-align: right;\">\n",
       "      <th></th>\n",
       "      <th>id</th>\n",
       "      <th>CustomerId</th>\n",
       "      <th>CreditScore</th>\n",
       "      <th>Age</th>\n",
       "      <th>Tenure</th>\n",
       "      <th>Balance</th>\n",
       "      <th>NumOfProducts</th>\n",
       "      <th>HasCrCard</th>\n",
       "      <th>IsActiveMember</th>\n",
       "      <th>EstimatedSalary</th>\n",
       "    </tr>\n",
       "  </thead>\n",
       "  <tbody>\n",
       "    <tr>\n",
       "      <th>id</th>\n",
       "      <td>1.000000</td>\n",
       "      <td>-0.015311</td>\n",
       "      <td>-0.001439</td>\n",
       "      <td>-0.007409</td>\n",
       "      <td>0.008572</td>\n",
       "      <td>-0.006301</td>\n",
       "      <td>0.003904</td>\n",
       "      <td>0.005160</td>\n",
       "      <td>-0.003050</td>\n",
       "      <td>-0.001229</td>\n",
       "    </tr>\n",
       "    <tr>\n",
       "      <th>CustomerId</th>\n",
       "      <td>-0.015311</td>\n",
       "      <td>1.000000</td>\n",
       "      <td>-0.003457</td>\n",
       "      <td>-0.040814</td>\n",
       "      <td>0.012657</td>\n",
       "      <td>-0.015764</td>\n",
       "      <td>0.019760</td>\n",
       "      <td>-0.004151</td>\n",
       "      <td>0.020305</td>\n",
       "      <td>0.005941</td>\n",
       "    </tr>\n",
       "    <tr>\n",
       "      <th>CreditScore</th>\n",
       "      <td>-0.001439</td>\n",
       "      <td>-0.003457</td>\n",
       "      <td>1.000000</td>\n",
       "      <td>-0.027597</td>\n",
       "      <td>0.004327</td>\n",
       "      <td>-0.000571</td>\n",
       "      <td>0.016303</td>\n",
       "      <td>-0.005706</td>\n",
       "      <td>0.004016</td>\n",
       "      <td>0.002181</td>\n",
       "    </tr>\n",
       "    <tr>\n",
       "      <th>Age</th>\n",
       "      <td>-0.007409</td>\n",
       "      <td>-0.040814</td>\n",
       "      <td>-0.027597</td>\n",
       "      <td>1.000000</td>\n",
       "      <td>-0.016793</td>\n",
       "      <td>0.086476</td>\n",
       "      <td>-0.162380</td>\n",
       "      <td>-0.005992</td>\n",
       "      <td>-0.018394</td>\n",
       "      <td>0.006192</td>\n",
       "    </tr>\n",
       "    <tr>\n",
       "      <th>Tenure</th>\n",
       "      <td>0.008572</td>\n",
       "      <td>0.012657</td>\n",
       "      <td>0.004327</td>\n",
       "      <td>-0.016793</td>\n",
       "      <td>1.000000</td>\n",
       "      <td>-0.013563</td>\n",
       "      <td>-0.002678</td>\n",
       "      <td>-0.009068</td>\n",
       "      <td>-0.013624</td>\n",
       "      <td>0.015126</td>\n",
       "    </tr>\n",
       "    <tr>\n",
       "      <th>Balance</th>\n",
       "      <td>-0.006301</td>\n",
       "      <td>-0.015764</td>\n",
       "      <td>-0.000571</td>\n",
       "      <td>0.086476</td>\n",
       "      <td>-0.013563</td>\n",
       "      <td>1.000000</td>\n",
       "      <td>-0.419649</td>\n",
       "      <td>-0.002874</td>\n",
       "      <td>-0.015091</td>\n",
       "      <td>0.002840</td>\n",
       "    </tr>\n",
       "    <tr>\n",
       "      <th>NumOfProducts</th>\n",
       "      <td>0.003904</td>\n",
       "      <td>0.019760</td>\n",
       "      <td>0.016303</td>\n",
       "      <td>-0.162380</td>\n",
       "      <td>-0.002678</td>\n",
       "      <td>-0.419649</td>\n",
       "      <td>1.000000</td>\n",
       "      <td>0.002678</td>\n",
       "      <td>0.032149</td>\n",
       "      <td>-0.007597</td>\n",
       "    </tr>\n",
       "    <tr>\n",
       "      <th>HasCrCard</th>\n",
       "      <td>0.005160</td>\n",
       "      <td>-0.004151</td>\n",
       "      <td>-0.005706</td>\n",
       "      <td>-0.005992</td>\n",
       "      <td>-0.009068</td>\n",
       "      <td>-0.002874</td>\n",
       "      <td>0.002678</td>\n",
       "      <td>1.000000</td>\n",
       "      <td>-0.022071</td>\n",
       "      <td>-0.002984</td>\n",
       "    </tr>\n",
       "    <tr>\n",
       "      <th>IsActiveMember</th>\n",
       "      <td>-0.003050</td>\n",
       "      <td>0.020305</td>\n",
       "      <td>0.004016</td>\n",
       "      <td>-0.018394</td>\n",
       "      <td>-0.013624</td>\n",
       "      <td>-0.015091</td>\n",
       "      <td>0.032149</td>\n",
       "      <td>-0.022071</td>\n",
       "      <td>1.000000</td>\n",
       "      <td>-0.008622</td>\n",
       "    </tr>\n",
       "    <tr>\n",
       "      <th>EstimatedSalary</th>\n",
       "      <td>-0.001229</td>\n",
       "      <td>0.005941</td>\n",
       "      <td>0.002181</td>\n",
       "      <td>0.006192</td>\n",
       "      <td>0.015126</td>\n",
       "      <td>0.002840</td>\n",
       "      <td>-0.007597</td>\n",
       "      <td>-0.002984</td>\n",
       "      <td>-0.008622</td>\n",
       "      <td>1.000000</td>\n",
       "    </tr>\n",
       "  </tbody>\n",
       "</table>\n",
       "</div>"
      ],
      "text/plain": [
       "                       id  CustomerId  CreditScore       Age    Tenure  \\\n",
       "id               1.000000   -0.015311    -0.001439 -0.007409  0.008572   \n",
       "CustomerId      -0.015311    1.000000    -0.003457 -0.040814  0.012657   \n",
       "CreditScore     -0.001439   -0.003457     1.000000 -0.027597  0.004327   \n",
       "Age             -0.007409   -0.040814    -0.027597  1.000000 -0.016793   \n",
       "Tenure           0.008572    0.012657     0.004327 -0.016793  1.000000   \n",
       "Balance         -0.006301   -0.015764    -0.000571  0.086476 -0.013563   \n",
       "NumOfProducts    0.003904    0.019760     0.016303 -0.162380 -0.002678   \n",
       "HasCrCard        0.005160   -0.004151    -0.005706 -0.005992 -0.009068   \n",
       "IsActiveMember  -0.003050    0.020305     0.004016 -0.018394 -0.013624   \n",
       "EstimatedSalary -0.001229    0.005941     0.002181  0.006192  0.015126   \n",
       "\n",
       "                  Balance  NumOfProducts  HasCrCard  IsActiveMember  \\\n",
       "id              -0.006301       0.003904   0.005160       -0.003050   \n",
       "CustomerId      -0.015764       0.019760  -0.004151        0.020305   \n",
       "CreditScore     -0.000571       0.016303  -0.005706        0.004016   \n",
       "Age              0.086476      -0.162380  -0.005992       -0.018394   \n",
       "Tenure          -0.013563      -0.002678  -0.009068       -0.013624   \n",
       "Balance          1.000000      -0.419649  -0.002874       -0.015091   \n",
       "NumOfProducts   -0.419649       1.000000   0.002678        0.032149   \n",
       "HasCrCard       -0.002874       0.002678   1.000000       -0.022071   \n",
       "IsActiveMember  -0.015091       0.032149  -0.022071        1.000000   \n",
       "EstimatedSalary  0.002840      -0.007597  -0.002984       -0.008622   \n",
       "\n",
       "                 EstimatedSalary  \n",
       "id                     -0.001229  \n",
       "CustomerId              0.005941  \n",
       "CreditScore             0.002181  \n",
       "Age                     0.006192  \n",
       "Tenure                  0.015126  \n",
       "Balance                 0.002840  \n",
       "NumOfProducts          -0.007597  \n",
       "HasCrCard              -0.002984  \n",
       "IsActiveMember         -0.008622  \n",
       "EstimatedSalary         1.000000  "
      ]
     },
     "execution_count": 13,
     "metadata": {},
     "output_type": "execute_result"
    }
   ],
   "source": [
    "corr_test = test.select_dtypes(exclude=object).corr()\n",
    "corr_test"
   ]
  },
  {
   "cell_type": "code",
   "execution_count": 14,
   "id": "33aab2a8",
   "metadata": {},
   "outputs": [
    {
     "data": {
      "text/plain": [
       "<Axes: >"
      ]
     },
     "execution_count": 14,
     "metadata": {},
     "output_type": "execute_result"
    },
    {
     "data": {
